1 440 527 0 266
3 410.0733082706767 87.0 50
1 203 315 266 214
3 342.9906542056075 342.0 50
3 468.97663551401865 456.0 50
2 486.6588785046729 472.0 0.4912500052378377 18.60818590169292 339.4735174499029
2 367.303738317757 364.0 16.619493315013003 17.566595720832336 36.71412976436049
1 447 544 480 237
2 371.3016877637132 625.0 15.856836882969564 14.300602418190353 45.736969559079924
1 241 344 717 128
3 338.50781249999994 743.0 50
3 304.88671874999994 724.0 50
1 478 560 845 162
3 479.5987654320989 871.0 50
3 438.6820987654322 898.0 50
2 503.8456790123458 855.0 16.466180914698086 13.36210529174004 353.31095961830925
2 438.6820987654322 898.0 20.749775989366476 13.720253956102916 228.10517751866436
1 227 320 1007 207
3 269.02173913043487 1016.0 50
1 107 234 1214 226
2 400.51769911504414 1385.0 22.21778866720693 2.918022859378171 315.8057192487487
1 434 515 1440 213
3 522.9413145539905 1574.0 50
3 486.79107981220653 1474.0 50
1 511 592 1653 142
2 551.4999999999999 1653.0 14.924916429867798 13.406112295263009 59.585282898280184
2 390.8697183098591 1702.0 12.589273996594539 16.41901561320783 311.5027580261631
1 24 148 1795 133
2 113.2142857142857 1814.0 20.847342779072395 3.5343884489327726 158.41552472206803
1 215 338 1928 228
3 186.19298245614047 2070.0 50
2 148.67105263157904 2129.0 6.719038404365714 10.68897063686197 307.89107812050827
2 135.95175438596502 2149.0 22.127403306198758 12.787209768721592 294.19353727108125
1 78 185 2156 173
x
