1 333 460 0 164
2 390.1585365853659 4.0 0.8700157897065497 1.6354663352930676 226.446792212114
1 94 179 164 200
1 378 490 364 214
2 378.50700934579436 451.0 17.27579856398864 6.201579550805549 256.5448795144515
1 245 350 578 108
3 337.8148148148148 606.0 50
3 396.8472222222222 647.0 50
1 408 498 686 182
3 384.31868131868134 736.0 50
2 223.6043956043956 853.0 27.756229971506027 3.382557542539828 136.87870472273295
2 422.7802197802198 708.0 9.983794076782688 5.2273906038016715 24.17682246830653
1 157 249 868 275
1 82 187 1143 169
3 277.3994082840237 1218.0 50
3 330.7485207100592 1246.0 50
2 144.02662721893495 1148.0 24.60166982872777 1.3866091359256072 338.4029851064255
2 399.34023668639054 1282.0 1.4706223874881286 16.489993591147247 258.8520594079128
1 394 519 1312 277
3 452.6660649819495 1330.0 50
3 410.2797833935018 1529.0 50
2 455.43501805054154 1317.0 7.376728556360388 4.74117253726865 348.4463408695366
1 335 460 1589 181
3 132.6795580110496 1754.0 50
2 304.41160220994465 1647.0 12.695646899478586 1.8544211933585064 124.0257078486471
2 375.0303867403314 1603.0 3.62645141127097 12.95385179971182 243.8221808545386
1 61 153 1770 282
3 103.65602836879434 1816.0 50
2 104.89184397163122 1799.0 2.789607691338556 15.559305910352489 276.20284888402387
2 102.42021276595746 1833.0 21.525280582143786 12.017726008297988 294.5654188151237
1 40 133 2052 276
x
