1 105 195 0 176
2 233.25 111.0 24.649651166280286 7.488526369170902 156.72941664600697
1 218 346 176 101
3 294.1336633663367 219.0 50
1 263 358 277 204
1 487 575 481 113
3 499.4601769911506 514.0 50
2 424.9115044247789 592.0 21.32406445729729 12.118560953296821 169.73199164107828
1 379 467 594 190
1 407 515 784 228
1 125 239 1012 168
3 153.83333333333331 1068.0 50
1 52 143 1180 202
3 196.74752475247521 1359.0 50
2 186.76732673267324 1341.0 21.214609314610552 4.062240048300199 185.8467500262133
1 155 264 1382 174
x
