1 382 505 0 224
1 324 412 224 288
2 250.22222222222223 384.0 27.470233003716196 14.546358506570016 169.99403036530578
1 95 217 512 297
3 196.92592592592592 682.0 50
3 210.64814814814812 739.0 50
2 212.09259259259258 745.0 9.786451728769515 17.744811015762952 223.69461417716732
2 209.9259259259259 736.0 13.735247014865601 18.362941122039135 124.934748230951
1 179 276 809 199
2 261.7964824120603 859.0 21.7046675537517 4.471954904832374 216.77474360158766
1 304 424 1008 224
1 143 243 1232 285
3 95.39999999999993 1460.0 50
2 123.65263157894731 1394.0 27.89127835778254 15.388030754801132 162.2915422120075
1 28 114 1517 293
2 75.39249146757679 1634.0 14.23303769977885 12.634072406976797 246.4962629831923
2 76.66894197952219 1668.0 13.442110789754691 12.674144428538332 157.95586303734746
1 34 130 1810 279
3 106.34587813620075 1865.0 50
3 163.00537634408605 1993.0 50
1 162 249 2089 256
3 165.81249999999997 2216.0 50
3 197.06249999999997 2116.0 50
1 70 181 2345 228
3 314.01973684210543 2510.0 50
2 164.3464912280703 2379.0 2.698935779412741 0.25191204092430697 273.18846828448676
2 268.3179824561405 2470.0 22.70992706293379 15.875639661068295 101.56047333188552
1 327 445 2573 193
2 412.2072538860104 2609.0 1.798653523063074 4.447108302822869 358.0514060245008
1 464 589 2766 120
3 495.42500000000024 2788.0 50
3 390.90000000000026 2862.0 50
2 447.40000000000026 2822.0 23.17749727889843 4.898927438200809 70.962309942401
1 316 398 2886 125
x
