1 325 433 0 229
3 258.67903930131007 157.0 50
2 264.04366812227073 150.0 17.06399346801888 17.135809004351966 335.85322690878706
1 146 261 229 150
2 210.95333333333335 233.0 15.515915393540135 14.033967170242384 257.96280727797216
1 419 547 379 121
3 469.5371900826447 397.0 50
2 419.42561983471086 464.0 29.89084491358045 12.524632163226837 37.20228413788062
1 346 439 500 147
3 394.2551020408163 503.0 50
1 427 530 647 199
1 372 476 846 158
3 379.3860759493671 979.0 50
1 310 432 1004 225
3 375.38666666666666 1011.0 50
1 466 558 1229 250
x
