1 35 117 0 181
2 129.91988950276243 149.0 10.627158100930622 18.607269456158754 328.273683076144
2 133.90055248618785 160.0 19.081877236686715 3.2042869663882123 57.48946515070288
1 92 191 181 155
2 459.8741935483871 327.0 28.063370612800885 7.588059215949114 308.0141447757658
1 390 557 336 163
3 396.19938650306756 482.0 50
1 323 450 499 263
2 240.990494296578 641.0 12.26980773961455 7.073352311014494 122.18241173463323
2 307.59695817490496 576.0 12.69277507733658 0.26668143061521654 256.9944627427393
1 74 160 762 133
2 114.06015037593987 808.0 27.302670373038044 0.3736425140644539 159.24261043520997
2 111.43984962406017 849.0 23.074920494228362 2.169504046955786 305.04674676650546
1 60 157 895 226
3 331.3738938053098 1026.0 50
1 447 539 1121 117
x
