1 138 260 0 258
1 165 271 258 256
1 308 390 514 139
3 337.38129496402877 609.0 50
3 340.6834532374101 582.0 50
2 342.27338129496405 569.0 10.956865233911241 12.137281010195544 215.73178622796124
2 334.0791366906475 636.0 14.042534487355493 1.3477600424045155 313.98114364346964
1 270 394 653 271
3 261.3450184501845 768.0 50
3 253.97232472324725 780.0 50
1 118 213 924 260
2 159.53846153846152 1048.0 10.069245252353243 5.253974635763372 322.90543954281435
2 162.99999999999997 976.0 9.20244956827349 0.1370877139414306 274.85943855027983
1 99 207 1184 146
3 190.39726027397268 1210.0 50
2 298.27397260273983 1285.0 2.402546657111666 7.594849544122264 76.94323541975892
1 302 424 1330 258
3 380.6666666666667 1373.0 50
3 408.60465116279073 1441.0 50
2 386.0077519379845 1386.0 13.363931000685191 13.027233845599572 11.489451310037829
1 406 532 1588 148
2 455.7567567567568 1658.0 8.56020494939234 11.801741528371801 229.65241646791213
2 465.97297297297297 1604.0 19.618121600900842 6.892801202475683 353.5394264480483
1 398 484 1736 252
1 293 418 1988 113
x
